! FILETYPE CSV
! VERSION 3.0,1
! TIMESTAMP Tuesday, 13 June 2023 134303
! NAME Keysight Technologies
! MODEL 
! SERIAL 
! FIRMWARE_VERSION 
! CORRECTION 
! Application SA
! Playback Session Copy1_AutoSession12
! Num TracePoints 1001
! CHECKSUM 1167103383
BEGIN
State # 1,Frequency Scan,  CenterFreq 70000000,  SpanFreq 100000,
,  ResBw 30,  RF Attenuation 0,  Preamp OFF,  Bucket # =,1,2,3,4,5,6,7,8,9,10,11,12,13,14,15,16,17,18,19,20,21,22,23,24,25,26,27,28,29,30,31,32,33,34,35,36,37,38,39,40,41,42,43,44,45,46,47,48,49,50,51,52,53,54,55,56,57,58,59,60,61,62,63,64,65,66,67,68,69,70,71,72,73,74,75,76,77,78,79,80,81,82,83,84,85,86,87,88,89,90,91,92,93,94,95,96,97,98,99,100,101,102,103,104,105,106,107,108,109,110,111,112,113,114,115,116,117,118,119,120,121,122,123,124,125,126,127,128,129,130,131,132,133,134,135,136,137,138,139,140,141,142,143,144,145,146,147,148,149,150,151,152,153,154,155,156,157,158,159,160,161,162,163,164,165,166,167,168,169,170,171,172,173,174,175,176,177,178,179,180,181,182,183,184,185,186,187,188,189,190,191,192,193,194,195,196,197,198,199,200,201,202,203,204,205,206,207,208,209,210,211,212,213,214,215,216,217,218,219,220,221,222,223,224,225,226,227,228,229,230,231,232,233,234,235,236,237,238,239,240,241,242,243,244,245,246,247,248,249,250,251,252,253,254,255,256,257,258,259,260,261,262,263,264,265,266,267,268,269,270,271,272,273,274,275,276,277,278,279,280,281,282,283,284,285,286,287,288,289,290,291,292,293,294,295,296,297,298,299,300,301,302,303,304,305,306,307,308,309,310,311,312,313,314,315,316,317,318,319,320,321,322,323,324,325,326,327,328,329,330,331,332,333,334,335,336,337,338,339,340,341,342,343,344,345,346,347,348,349,350,351,352,353,354,355,356,357,358,359,360,361,362,363,364,365,366,367,368,369,370,371,372,373,374,375,376,377,378,379,380,381,382,383,384,385,386,387,388,389,390,391,392,393,394,395,396,397,398,399,400,401,402,403,404,405,406,407,408,409,410,411,412,413,414,415,416,417,418,419,420,421,422,423,424,425,426,427,428,429,430,431,432,433,434,435,436,437,438,439,440,441,442,443,444,445,446,447,448,449,450,451,452,453,454,455,456,457,458,459,460,461,462,463,464,465,466,467,468,469,470,471,472,473,474,475,476,477,478,479,480,481,482,483,484,485,486,487,488,489,490,491,492,493,494,495,496,497,498,499,500,501,502,503,504,505,506,507,508,509,510,511,512,513,514,515,516,517,518,519,520,521,522,523,524,525,526,527,528,529,530,531,532,533,534,535,536,537,538,539,540,541,542,543,544,545,546,547,548,549,550,551,552,553,554,555,556,557,558,559,560,561,562,563,564,565,566,567,568,569,570,571,572,573,574,575,576,577,578,579,580,581,582,583,584,585,586,587,588,589,590,591,592,593,594,595,596,597,598,599,600,601,602,603,604,605,606,607,608,609,610,611,612,613,614,615,616,617,618,619,620,621,622,623,624,625,626,627,628,629,630,631,632,633,634,635,636,637,638,639,640,641,642,643,644,645,646,647,648,649,650,651,652,653,654,655,656,657,658,659,660,661,662,663,664,665,666,667,668,669,670,671,672,673,674,675,676,677,678,679,680,681,682,683,684,685,686,687,688,689,690,691,692,693,694,695,696,697,698,699,700,701,702,703,704,705,706,707,708,709,710,711,712,713,714,715,716,717,718,719,720,721,722,723,724,725,726,727,728,729,730,731,732,733,734,735,736,737,738,739,740,741,742,743,744,745,746,747,748,749,750,751,752,753,754,755,756,757,758,759,760,761,762,763,764,765,766,767,768,769,770,771,772,773,774,775,776,777,778,779,780,781,782,783,784,785,786,787,788,789,790,791,792,793,794,795,796,797,798,799,800,801,802,803,804,805,806,807,808,809,810,811,812,813,814,815,816,817,818,819,820,821,822,823,824,825,826,827,828,829,830,831,832,833,834,835,836,837,838,839,840,841,842,843,844,845,846,847,848,849,850,851,852,853,854,855,856,857,858,859,860,861,862,863,864,865,866,867,868,869,870,871,872,873,874,875,876,877,878,879,880,881,882,883,884,885,886,887,888,889,890,891,892,893,894,895,896,897,898,899,900,901,902,903,904,905,906,907,908,909,910,911,912,913,914,915,916,917,918,919,920,921,922,923,924,925,926,927,928,929,930,931,932,933,934,935,936,937,938,939,940,941,942,943,944,945,946,947,948,949,950,951,952,953,954,955,956,957,958,959,960,961,962,963,964,965,966,967,968,969,970,971,972,973,974,975,976,977,978,979,980,981,982,983,984,985,986,987,988,989,990,991,992,993,994,995,996,997,998,999,1000,1001
,  VidBw 30,  Detector Positive,  External Gain 0,  Freq Hz =,69950000,69950100,69950200,69950300,69950400,69950500,69950600,69950700,69950800,69950900,69951000,69951100,69951200,69951300,69951400,69951500,69951600,69951700,69951800,69951900,69952000,69952100,69952200,69952300,69952400,69952500,69952600,69952700,69952800,69952900,69953000,69953100,69953200,69953300,69953400,69953500,69953600,69953700,69953800,69953900,69954000,69954100,69954200,69954300,69954400,69954500,69954600,69954700,69954800,69954900,69955000,69955100,69955200,69955300,69955400,69955500,69955600,69955700,69955800,69955900,69956000,69956100,69956200,69956300,69956400,69956500,69956600,69956700,69956800,69956900,69957000,69957100,69957200,69957300,69957400,69957500,69957600,69957700,69957800,69957900,69958000,69958100,69958200,69958300,69958400,69958500,69958600,69958700,69958800,69958900,69959000,69959100,69959200,69959300,69959400,69959500,69959600,69959700,69959800,69959900,69960000,69960100,69960200,69960300,69960400,69960500,69960600,69960700,69960800,69960900,69961000,69961100,69961200,69961300,69961400,69961500,69961600,69961700,69961800,69961900,69962000,69962100,69962200,69962300,69962400,69962500,69962600,69962700,69962800,69962900,69963000,69963100,69963200,69963300,69963400,69963500,69963600,69963700,69963800,69963900,69964000,69964100,69964200,69964300,69964400,69964500,69964600,69964700,69964800,69964900,69965000,69965100,69965200,69965300,69965400,69965500,69965600,69965700,69965800,69965900,69966000,69966100,69966200,69966300,69966400,69966500,69966600,69966700,69966800,69966900,69967000,69967100,69967200,69967300,69967400,69967500,69967600,69967700,69967800,69967900,69968000,69968100,69968200,69968300,69968400,69968500,69968600,69968700,69968800,69968900,69969000,69969100,69969200,69969300,69969400,69969500,69969600,69969700,69969800,69969900,69970000,69970100,69970200,69970300,69970400,69970500,69970600,69970700,69970800,69970900,69971000,69971100,69971200,69971300,69971400,69971500,69971600,69971700,69971800,69971900,69972000,69972100,69972200,69972300,69972400,69972500,69972600,69972700,69972800,69972900,69973000,69973100,69973200,69973300,69973400,69973500,69973600,69973700,69973800,69973900,69974000,69974100,69974200,69974300,69974400,69974500,69974600,69974700,69974800,69974900,69975000,69975100,69975200,69975300,69975400,69975500,69975600,69975700,69975800,69975900,69976000,69976100,69976200,69976300,69976400,69976500,69976600,69976700,69976800,69976900,69977000,69977100,69977200,69977300,69977400,69977500,69977600,69977700,69977800,69977900,69978000,69978100,69978200,69978300,69978400,69978500,69978600,69978700,69978800,69978900,69979000,69979100,69979200,69979300,69979400,69979500,69979600,69979700,69979800,69979900,69980000,69980100,69980200,69980300,69980400,69980500,69980600,69980700,69980800,69980900,69981000,69981100,69981200,69981300,69981400,69981500,69981600,69981700,69981800,69981900,69982000,69982100,69982200,69982300,69982400,69982500,69982600,69982700,69982800,69982900,69983000,69983100,69983200,69983300,69983400,69983500,69983600,69983700,69983800,69983900,69984000,69984100,69984200,69984300,69984400,69984500,69984600,69984700,69984800,69984900,69985000,69985100,69985200,69985300,69985400,69985500,69985600,69985700,69985800,69985900,69986000,69986100,69986200,69986300,69986400,69986500,69986600,69986700,69986800,69986900,69987000,69987100,69987200,69987300,69987400,69987500,69987600,69987700,69987800,69987900,69988000,69988100,69988200,69988300,69988400,69988500,69988600,69988700,69988800,69988900,69989000,69989100,69989200,69989300,69989400,69989500,69989600,69989700,69989800,69989900,69990000,69990100,69990200,69990300,69990400,69990500,69990600,69990700,69990800,69990900,69991000,69991100,69991200,69991300,69991400,69991500,69991600,69991700,69991800,69991900,69992000,69992100,69992200,69992300,69992400,69992500,69992600,69992700,69992800,69992900,69993000,69993100,69993200,69993300,69993400,69993500,69993600,69993700,69993800,69993900,69994000,69994100,69994200,69994300,69994400,69994500,69994600,69994700,69994800,69994900,69995000,69995100,69995200,69995300,69995400,69995500,69995600,69995700,69995800,69995900,69996000,69996100,69996200,69996300,69996400,69996500,69996600,69996700,69996800,69996900,69997000,69997100,69997200,69997300,69997400,69997500,69997600,69997700,69997800,69997900,69998000,69998100,69998200,69998300,69998400,69998500,69998600,69998700,69998800,69998900,69999000,69999100,69999200,69999300,69999400,69999500,69999600,69999700,69999800,69999900,70000000,70000100,70000200,70000300,70000400,70000500,70000600,70000700,70000800,70000900,70001000,70001100,70001200,70001300,70001400,70001500,70001600,70001700,70001800,70001900,70002000,70002100,70002200,70002300,70002400,70002500,70002600,70002700,70002800,70002900,70003000,70003100,70003200,70003300,70003400,70003500,70003600,70003700,70003800,70003900,70004000,70004100,70004200,70004300,70004400,70004500,70004600,70004700,70004800,70004900,70005000,70005100,70005200,70005300,70005400,70005500,70005600,70005700,70005800,70005900,70006000,70006100,70006200,70006300,70006400,70006500,70006600,70006700,70006800,70006900,70007000,70007100,70007200,70007300,70007400,70007500,70007600,70007700,70007800,70007900,70008000,70008100,70008200,70008300,70008400,70008500,70008600,70008700,70008800,70008900,70009000,70009100,70009200,70009300,70009400,70009500,70009600,70009700,70009800,70009900,70010000,70010100,70010200,70010300,70010400,70010500,70010600,70010700,70010800,70010900,70011000,70011100,70011200,70011300,70011400,70011500,70011600,70011700,70011800,70011900,70012000,70012100,70012200,70012300,70012400,70012500,70012600,70012700,70012800,70012900,70013000,70013100,70013200,70013300,70013400,70013500,70013600,70013700,70013800,70013900,70014000,70014100,70014200,70014300,70014400,70014500,70014600,70014700,70014800,70014900,70015000,70015100,70015200,70015300,70015400,70015500,70015600,70015700,70015800,70015900,70016000,70016100,70016200,70016300,70016400,70016500,70016600,70016700,70016800,70016900,70017000,70017100,70017200,70017300,70017400,70017500,70017600,70017700,70017800,70017900,70018000,70018100,70018200,70018300,70018400,70018500,70018600,70018700,70018800,70018900,70019000,70019100,70019200,70019300,70019400,70019500,70019600,70019700,70019800,70019900,70020000,70020100,70020200,70020300,70020400,70020500,70020600,70020700,70020800,70020900,70021000,70021100,70021200,70021300,70021400,70021500,70021600,70021700,70021800,70021900,70022000,70022100,70022200,70022300,70022400,70022500,70022600,70022700,70022800,70022900,70023000,70023100,70023200,70023300,70023400,70023500,70023600,70023700,70023800,70023900,70024000,70024100,70024200,70024300,70024400,70024500,70024600,70024700,70024800,70024900,70025000,70025100,70025200,70025300,70025400,70025500,70025600,70025700,70025800,70025900,70026000,70026100,70026200,70026300,70026400,70026500,70026600,70026700,70026800,70026900,70027000,70027100,70027200,70027300,70027400,70027500,70027600,70027700,70027800,70027900,70028000,70028100,70028200,70028300,70028400,70028500,70028600,70028700,70028800,70028900,70029000,70029100,70029200,70029300,70029400,70029500,70029600,70029700,70029800,70029900,70030000,70030100,70030200,70030300,70030400,70030500,70030600,70030700,70030800,70030900,70031000,70031100,70031200,70031300,70031400,70031500,70031600,70031700,70031800,70031900,70032000,70032100,70032200,70032300,70032400,70032500,70032600,70032700,70032800,70032900,70033000,70033100,70033200,70033300,70033400,70033500,70033600,70033700,70033800,70033900,70034000,70034100,70034200,70034300,70034400,70034500,70034600,70034700,70034800,70034900,70035000,70035100,70035200,70035300,70035400,70035500,70035600,70035700,70035800,70035900,70036000,70036100,70036200,70036300,70036400,70036500,70036600,70036700,70036800,70036900,70037000,70037100,70037200,70037300,70037400,70037500,70037600,70037700,70037800,70037900,70038000,70038100,70038200,70038300,70038400,70038500,70038600,70038700,70038800,70038900,70039000,70039100,70039200,70039300,70039400,70039500,70039600,70039700,70039800,70039900,70040000,70040100,70040200,70040300,70040400,70040500,70040600,70040700,70040800,70040900,70041000,70041100,70041200,70041300,70041400,70041500,70041600,70041700,70041800,70041900,70042000,70042100,70042200,70042300,70042400,70042500,70042600,70042700,70042800,70042900,70043000,70043100,70043200,70043300,70043400,70043500,70043600,70043700,70043800,70043900,70044000,70044100,70044200,70044300,70044400,70044500,70044600,70044700,70044800,70044900,70045000,70045100,70045200,70045300,70045400,70045500,70045600,70045700,70045800,70045900,70046000,70046100,70046200,70046300,70046400,70046500,70046600,70046700,70046800,70046900,70047000,70047100,70047200,70047300,70047400,70047500,70047600,70047700,70047800,70047900,70048000,70048100,70048200,70048300,70048400,70048500,70048600,70048700,70048800,70048900,70049000,70049100,70049200,70049300,70049400,70049500,70049600,70049700,70049800,70049900,70050000
Trace #,DateTime,Longitude,Latitude,Elevation